0 0 21 147 8 146 117 57 117 51 164 177 236 34 164 76 184 162 50 66 201 110 171 115 
1 0 13 124 70 193 202 206 94 214 204 125 18 222 1 179 
2 0 11 48 6 205 231 4 77 122 10 233 80 20 
3 0 10 61 208 243 230 145 52 159 240 3 40 
4 0 10 79 128 73 230 161 120 187 197 6 42 
5 0 7 75 176 84 198 47 119 17 
6 0 19 77 65 178 200 30 160 203 230 216 43 231 98 236 160 201 7 131 140 169 
7 0 10 67 65 105 51 128 231 35 59 34 228 
8 0 5 119 209 89 110 103 
9 0 21 11 60 12 68 23 220 131 104 155 127 49 127 167 175 164 158 7 162 184 209 162 
10 0 10 173 35 5 171 131 99 85 235 143 247 
11 0 25 6 179 153 164 236 140 166 243 136 158 128 201 111 161 98 140 190 175 27 207 237 86 33 138 1 
12 0 18 116 117 141 121 170 218 190 181 235 158 249 198 19 192 66 249 155 159 
13 0 25 30 32 92 25 137 224 65 178 127 10 247 236 185 240 222 119 81 247 155 116 119 11 208 201 178 
14 0 8 169 60 117 147 199 235 14 82 
15 0 8 21 157 18 142 156 178 171 240 
16 0 18 86 116 164 132 121 101 89 24 11 24 210 208 184 27 110 63 226 172 
17 7 22 67 151 134 122 202 42 106 226 138 45 153 116 244 218 164 96 141 150 30 63 42 231 
18 42 3 177 179 132 
19 70 2 178 12 
20 79 16 140 16 113 177 43 83 221 206 116 132 82 126 181 226 137 58 
21 121 5 133 66 204 184 29 
22 203 8 161 80 134 224 217 55 151 213 
23 290 6 117 182 193 76 135 135 
24 386 12 97 44 4 66 108 209 142 10 88 123 110 67 
25 410 14 230 114 182 37 119 6 101 47 244 167 244 235 246 248 
26 501 9 46 3 227 185 222 115 42 58 101 
27 521 4 122 164 66 183 
28 580 1 216 
29 650 4 8 7 9 85 
30 673 6 199 86 64 82 215 140 
31 740 18 201 169 218 8 146 46 216 185 248 144 172 118 204 71 173 191 74 212 
32 838 1 71 
33 866 24 181 39 55 195 165 41 178 97 225 139 118 167 121 27 91 13 107 234 65 153 17 181 14 130 
34 882 8 141 36 66 18 199 218 55 205 
35 903 2 234 58 
36 987 16 11 78 123 129 73 38 145 127 18 181 105 102 231 47 223 40 
37 998 13 237 100 55 132 192 136 141 108 83 127 19 240 15 
38 1083 14 206 103 231 115 104 169 74 247 130 150 237 217 249 167 
39 1085 23 194 143 71 209 192 189 221 190 239 145 137 152 28 164 224 134 166 105 215 9 182 144 155 
40 1137 10 179 23 86 37 241 7 69 127 98 100 
41 1201 16 111 207 44 77 65 107 239 195 62 211 158 195 113 160 151 247 
42 1275 10 227 34 124 150 152 214 156 222 74 1 
43 1298 17 31 139 235 7 99 3 10 217 75 36 37 41 63 22 165 66 197 
44 1339 6 156 20 195 209 16 171 
45 1349 3 188 68 74 
46 1430 10 190 78 243 72 74 28 80 101 159 160 
47 1520 21 142 220 4 141 188 45 182 16 2 110 124 245 120 217 72 108 93 59 141 78 11 
48 1523 14 197 25 118 4 141 143 197 229 199 185 67 215 122 155 
49 1573 17 141 115 176 138 222 165 85 245 44 13 49 41 46 101 238 14 91 
50 1670 4 125 173 171 41 
51 1719 15 166 242 33 171 50 223 89 149 141 210 148 7 124 86 103 
52 1732 1 57 
53 1773 19 8 233 15 248 76 37 183 30 57 173 1 87 2 108 72 227 31 24 114 
54 1807 17 195 5 187 75 209 125 118 213 12 161 99 2 213 180 61 115 84 
55 1886 2 89 91 
56 1977 18 41 162 75 170 176 103 38 203 100 15 99 22 231 211 71 144 81 13 
57 2027 24 3 19 46 15 243 132 183 141 226 78 196 49 132 86 149 105 56 227 148 182 188 9 22 69 
58 2071 17 178 140 56 57 193 186 159 57 148 166 93 148 23 208 113 199 17 
59 2123 4 192 84 152 141 
60 2149 1 212 
61 2213 10 209 42 141 169 199 182 112 60 114 132 
62 2282 5 16 201 136 105 78 
63 2332 20 91 22 241 76 36 246 99 129 74 68 142 73 225 245 181 99 94 150 188 64 
64 2338 6 35 10 240 193 148 148 
65 2360 19 182 37 137 94 127 22 232 184 18 135 35 215 144 191 159 112 169 205 119 
66 2451 17 28 217 191 15 225 121 6 163 227 77 235 9 111 41 125 184 203 
67 2483 11 167 231 230 242 72 67 137 135 183 166 189 
68 2502 23 178 25 188 8 111 47 241 207 61 22 62 45 24 24 24 98 114 243 132 51 214 132 182 
69 2600 4 14 57 105 124 
70 2634 6 85 25 136 144 86 41 
71 2728 15 122 143 19 211 144 186 126 213 108 15 199 107 150 48 228 
72 2784 15 102 83 232 100 235 88 4 74 135 21 188 100 76 163 30 
73 2790 17 41 165 207 156 151 109 81 64 91 36 153 103 59 209 131 120 88 
74 2868 11 250 11 63 87 182 85 82 112 249 202 11 
75 2953 14 17 178 60 218 192 145 14 166 157 101 8 42 198 182 
76 3002 22 106 13 111 218 238 48 185 127 152 196 193 246 159 3 242 66 24 241 20 113 138 249 
77 3011 17 40 134 88 127 39 186 188 117 217 228 31 51 188 18 196 1 215 
78 3110 18 209 71 110 57 210 59 155 130 213 167 148 97 103 45 75 63 113 207 
79 3132 18 154 81 1 10 139 27 48 133 175 165 28 12 5 221 167 179 124 35 
80 3135 12 172 7 13 216 183 186 14 25 190 164 212 173 
81 3223 6 106 74 75 26 226 65 
82 3232 13 176 240 150 214 76 74 230 248 65 128 25 151 82 
83 3244 24 71 191 59 8 137 198 144 80 248 174 207 141 187 154 150 187 136 137 208 138 151 180 46 8 
84 3342 16 215 32 146 70 181 105 29 204 229 152 138 196 136 209 14 26 
85 3410 7 82 179 177 91 13 236 65 
86 3475 16 124 244 7 55 178 157 142 70 191 120 88 4 34 54 128 18 
87 3486 14 94 248 90 14 249 69 128 44 183 7 126 240 84 153 
88 3500 9 99 99 222 129 7 58 186 139 126 
89 3512 15 83 184 88 219 28 61 218 159 17 100 17 145 205 158 83 
90 3536 17 235 145 123 139 15 66 148 29 185 24 48 23 238 53 249 40 239 
91 3584 10 129 208 91 191 54 143 138 101 28 70 
92 3587 12 5 129 10 232 145 233 111 221 216 9 150 47 
93 3656 8 123 31 140 130 202 191 150 220 
94 3744 12 237 136 140 133 168 9 156 103 28 218 73 21 
95 3772 4 37 49 78 161 
96 3777 16 67 200 238 154 92 186 129 102 73 70 149 16 158 43 31 87 
97 3805 5 172 135 232 175 195 
98 3807 10 76 48 173 193 101 176 187 26 161 237 
99 3871 22 177 69 174 222 104 28 143 149 16 126 162 186 243 37 81 157 94 1 167 103 74 35 
100 3918 14 173 181 137 4 111 17 161 168 23 58 134 31 190 198 
101 3979 10 128 232 233 210 78 38 193 50 8 224 
102 4047 4 159 55 76 105 
103 4092 16 41 53 161 2 17 73 134 182 132 26 33 169 129 203 191 232 
104 4165 13 37 110 88 173 189 75 10 1 208 49 70 225 211 
105 4225 4 64 223 195 105 
106 4233 19 48 135 111 197 96 100 63 173 73 37 182 109 126 226 207 65 68 39 120 
107 4299 3 25 188 144 
108 4380 19 2 35 33 109 116 208 113 90 32 246 75 77 36 13 169 123 150 45 143 
109 4411 13 17 20 168 28 22 183 133 201 145 227 211 248 154 
110 4469 13 143 184 33 225 108 121 117 74 68 90 38 145 90 
111 4490 15 131 63 115 30 105 242 132 61 233 218 88 155 181 239 210 
112 4535 15 212 204 68 245 21 46 99 238 99 182 213 64 3 175 19 
113 4611 8 135 233 71 121 144 175 10 165 
114 4642 25 132 19 137 19 21 92 156 11 157 95 89 118 76 45 117 12 71 229 41 31 49 97 78 46 71 
115 4646 6 36 64 180 94 82 152 
116 4722 21 19 223 8 99 172 159 214 137 155 245 12 50 38 120 221 62 43 230 169 76 190 
117 4757 4 28 92 107 141 
118 4832 10 78 147 77 161 9 164 27 164 34 118 
119 4931 25 49 154 165 212 179 59 138 134 146 207 239 168 114 41 52 210 230 119 72 132 9 102 86 68 93 
120 4953 5 133 27 161 125 95 
121 5020 11 66 205 229 129 170 81 220 27 148 19 163 
122 5100 7 173 192 233 164 70 42 76 
123 5175 15 108 221 197 7 128 35 164 30 33 170 27 238 17 177 218 
124 5240 1 138 
125 5308 25 239 164 224 166 76 21 123 79 55 94 41 106 29 155 175 21 127 63 177 82 203 179 65 103 249 
126 5384 3 169 209 42 
127 5412 6 150 7 168 40 169 232 
128 5448 25 135 93 184 165 249 201 146 206 41 105 143 54 219 40 79 91 198 27 205 173 140 235 222 125 142 
129 5483 1 48 
130 5533 12 140 59 172 69 55 132 22 208 120 78 153 203 
131 5564 1 37 
132 5584 22 44 99 85 19 208 225 153 248 205 13 155 42 145 114 29 215 214 66 125 202 6 232 
133 5648 24 25 26 205 250 126 202 58 113 123 236 187 121 145 57 244 232 198 59 156 202 151 115 27 171 
134 5741 4 243 206 223 178 
135 5783 17 146 185 69 212 134 217 103 231 220 120 74 91 218 125 182 116 149 
136 5868 13 111 73 143 94 20 135 192 228 185 120 5 203 96 
137 5896 4 95 249 200 174 
138 5993 22 48 28 118 139 95 15 63 103 139 149 238 225 120 116 161 180 74 245 248 134 165 236 
139 6007 22 179 153 193 219 215 30 196 201 138 250 48 240 80 207 49 45 245 83 103 19 81 63 
140 6008 7 165 10 60 117 29 81 24 
141 6084 8 79 115 34 204 175 8 81 3 
142 6105 24 14 197 63 169 4 115 221 176 56 1 181 32 213 1 154 67 202 34 72 122 124 18 81 8 
143 6196 25 93 118 239 242 61 123 99 101 95 39 245 182 105 248 239 23 28 60 182 153 110 195 98 189 159 
144 6232 8 171 21 60 99 109 165 143 184 
145 6234 7 242 188 81 191 193 222 198 
146 6263 19 243 206 59 220 184 14 74 48 69 115 174 14 166 119 202 102 16 182 135 
147 6301 6 55 26 105 98 128 85 
148 6377 2 125 118 
149 6443 13 83 93 72 131 27 237 39 183 139 57 134 95 39 
150 6489 7 92 58 201 102 105 249 136 
151 6513 14 170 197 113 158 54 187 230 184 49 96 138 155 135 56 
152 6520 13 236 148 74 145 107 42 175 81 102 79 76 63 22 
153 6619 7 82 232 55 99 20 68 203 
154 6670 24 150 146 162 44 117 233 152 205 68 169 205 231 70 183 80 41 77 226 27 237 162 52 41 118 
155 6728 19 41 136 21 47 23 217 155 236 136 57 19 20 129 109 162 218 71 153 189 
156 6774 9 138 183 155 164 133 185 39 204 54 
157 6853 6 124 186 121 77 7 188 
158 6879 23 238 143 154 110 206 166 248 62 210 203 29 26 23 93 21 65 193 123 3 24 19 52 208 
159 6955 8 38 37 219 95 220 71 110 161 
160 6958 4 247 59 36 241 
161 6999 10 111 205 28 58 161 109 248 25 108 220 
162 7063 1 93 
163 7069 8 44 17 27 90 137 239 36 247 
164 7155 16 165 173 224 202 153 149 106 46 82 167 127 242 150 144 29 157 
165 7181 8 139 159 210 71 92 169 134 109 
166 7206 12 209 181 28 8 176 158 114 20 219 57 69 112 
167 7266 21 138 218 230 108 125 242 150 133 218 144 199 195 9 160 183 190 230 143 179 5 200 
168 7299 25 203 183 82 54 15 236 123 242 127 37 133 104 55 97 95 82 61 228 210 9 238 73 181 17 10 
169 7360 8 132 27 185 32 125 54 28 121 
170 7419 5 5 96 246 249 184 
171 7450 4 101 67 100 152 
172 7497 15 92 240 56 73 58 65 245 176 124 209 152 1 169 153 24 
173 7585 7 158 39 40 201 177 221 245 
174 7681 16 223 39 98 171 37 214 94 197 98 45 109 6 62 85 28 217 
175 7726 21 225 123 102 147 32 232 75 227 119 104 246 14 154 154 12 68 134 18 134 38 132 
176 7790 24 194 91 69 184 179 76 115 208 43 226 155 129 114 179 237 70 145 180 167 8 127 112 137 224 
177 7837 17 126 127 209 119 234 237 6 143 18 57 41 218 28 133 26 115 190 
178 7891 15 65 111 174 134 156 5 201 79 40 222 208 17 194 192 163 
179 7963 21 209 169 174 200 170 126 79 205 233 113 120 60 201 112 103 34 229 239 242 22 111 
180 7965 17 108 98 231 104 18 217 209 139 173 216 70 102 67 125 116 60 129 
181 8023 20 240 150 197 212 137 162 96 210 11 246 191 40 180 44 232 189 115 248 215 172 
182 8030 7 76 94 184 17 15 18 114 
183 8115 1 137 
184 8148 2 5 215 
185 8172 5 191 146 173 163 22 
186 8269 17 163 167 89 198 121 7 47 120 46 65 238 44 33 11 50 173 194 
187 8324 14 54 125 184 227 105 151 69 3 240 97 218 93 19 85 
188 8375 14 229 114 229 2 10 121 146 149 28 18 80 212 105 112 
189 8396 8 227 181 147 49 176 79 44 171 
190 8491 7 104 143 12 38 84 222 75 
191 8565 17 23 76 125 162 157 211 79 228 249 44 215 230 134 246 221 38 66 
192 8658 24 27 97 105 51 76 22 146 18 30 157 80 8 42 91 168 245 108 131 144 30 243 154 23 205 
193 8756 8 173 59 72 89 242 176 95 145 
194 8826 12 83 25 134 148 223 188 46 56 79 167 86 219 
195 8906 12 119 123 232 237 185 88 28 56 67 234 14 14 
196 8921 18 49 61 23 29 106 155 13 48 83 10 36 15 98 11 168 165 229 184 
197 8923 16 15 231 244 192 54 148 176 203 129 197 200 78 35 217 237 169 
198 9015 6 195 236 127 197 38 73 
199 9040 17 130 234 233 243 110 220 55 171 45 150 112 212 46 129 250 7 73 
200 9106 1 154 
201 9148 14 14 153 169 246 92 184 48 121 155 217 30 132 145 50 
202 9173 4 26 105 238 165 
203 9211 8 127 98 246 79 223 72 167 219 
204 9229 9 50 117 69 200 135 74 60 203 196 
205 9276 11 174 12 198 181 22 152 76 119 30 241 177 
206 9324 18 18 78 113 174 215 232 183 223 157 114 67 45 43 44 236 123 173 32 
207 9381 1 122 
208 9470 24 170 249 143 58 96 175 25 32 101 3 131 85 27 130 67 179 125 218 183 17 50 23 226 40 
209 9507 10 28 247 230 110 247 230 64 93 110 71 
210 9554 14 202 208 65 188 146 36 89 202 34 109 201 242 180 25 
211 9557 9 92 104 9 159 144 35 179 63 233 
212 9651 2 65 63 
213 9711 4 133 23 49 199 
214 9805 20 226 177 32 56 222 204 180 134 146 201 183 246 39 4 211 184 92 157 220 210 
215 9870 24 46 47 198 136 241 132 152 99 49 13 39 142 228 185 188 19 109 162 226 207 96 192 217 111 
216 9875 11 84 70 4 205 2 134 234 176 55 204 117 
217 9944 22 31 121 197 205 158 10 103 207 238 102 108 236 147 104 78 200 92 78 158 33 129 203 
218 9966 20 149 98 44 166 77 52 178 64 235 222 79 24 239 57 157 187 195 250 25 239 
219 9976 8 131 62 147 158 2 74 114 60 
220 10009 13 223 118 237 24 231 79 140 235 86 9 82 177 221 
221 10046 15 244 126 230 72 161 33 179 28 67 147 16 250 166 167 2 
222 10100 6 166 150 126 235 37 93 
223 10104 17 235 229 145 204 244 35 74 238 224 218 63 16 184 57 24 9 185 
224 10142 8 125 177 36 31 226 34 226 77 
225 10166 24 140 218 69 217 107 24 220 3 106 14 23 99 229 165 164 122 148 21 86 43 28 92 166 179 
226 10258 8 218 86 22 201 69 65 239 156 
227 10275 13 207 149 197 49 162 194 143 125 25 221 89 14 152 
228 10279 1 191 
229 10352 17 23 223 84 40 85 216 171 143 148 102 39 143 38 182 110 17 220 
230 10421 8 91 154 75 150 123 120 78 170 
231 10489 14 56 214 196 112 203 4 150 219 60 167 43 218 114 73 
232 10503 21 247 179 105 233 230 50 86 51 144 222 26 177 72 202 24 214 18 7 169 173 81 
233 10538 14 238 210 213 36 130 46 94 87 149 83 81 170 4 44 
234 10597 10 94 34 123 84 23 127 219 127 31 113 
235 10654 25 2 145 11 118 4 143 138 41 76 180 221 192 234 237 15 199 178 232 180 27 229 85 54 193 82 
236 10732 14 49 60 116 111 101 59 235 11 2 123 112 214 222 126 
237 10755 18 87 42 177 234 228 245 190 43 111 168 108 198 33 33 201 185 240 160 
238 10759 2 61 127 
239 10837 23 149 105 5 103 238 192 233 246 66 205 77 5 235 34 115 202 123 77 121 92 13 236 21 
240 10932 5 166 51 31 236 102 
241 10994 21 111 26 184 184 32 10 25 239 31 241 68 148 15 235 45 72 52 102 80 22 91 
242 11018 25 94 164 100 10 38 1 219 9 67 159 116 181 150 42 194 54 43 34 198 216 18 93 129 72 59 
243 11112 4 112 59 185 225 
244 11147 7 233 17 76 41 30 55 147 
245 11203 17 135 3 233 201 218 161 153 223 82 11 21 24 146 111 184 38 237 
246 11249 10 244 174 32 72 243 126 18 241 225 68 
247 11292 21 19 32 74 215 226 148 60 158 176 160 182 78 112 232 147 152 68 16 211 64 1 
248 11308 20 35 43 199 8 85 55 72 237 198 204 3 46 125 61 141 237 139 67 124 129 
249 11338 10 19 6 70 1 32 61 146 148 210 215 
250 11344 19 165 156 55 165 173 54 60 165 217 238 81 182 199 33 3 238 193 173 71 
251 11416 16 50 211 32 41 29 62 158 64 219 183 210 214 47 186 16 155 
252 11510 9 74 87 177 218 60 216 112 167 103 
253 11549 17 57 54 45 249 36 6 61 217 125 20 71 222 92 231 244 183 46 
254 11647 11 47 196 199 201 75 221 200 146 175 124 49 
255 11702 2 1 98 
256 11739 16 118 111 86 238 145 218 147 94 83 118 147 44 3 218 225 2 
257 11740 9 155 104 25 65 49 28 90 1 186 
258 11829 14 142 34 191 236 200 68 51 233 249 53 63 35 158 23 
259 11887 7 9 59 10 153 56 60 138 
260 11937 21 117 35 164 88 34 82 26 35 6 198 67 26 185 144 35 108 88 126 33 16 233 
261 12036 7 153 18 8 172 6 181 207 
262 12090 1 112 
263 12182 4 32 83 242 232 
264 12205 22 102 243 167 108 175 232 71 248 117 60 239 63 142 195 93 114 2 141 89 60 81 92 
265 12290 9 244 188 203 141 209 148 37 210 179 
266 12314 10 237 240 73 142 52 232 18 39 76 99 
267 12408 14 203 74 176 221 200 180 122 23 242 49 156 100 225 190 
268 12496 12 154 82 212 71 177 124 39 88 164 182 192 186 
269 12520 9 189 164 235 143 6 1 61 188 115 
270 12556 12 138 72 104 93 99 6 22 216 247 55 212 27 
271 12620 15 228 90 19 69 169 160 227 1 35 35 201 83 89 133 169 
272 12653 15 181 3 123 10 214 20 150 98 17 168 235 209 97 243 167 
273 12691 22 135 38 55 185 101 44 218 3 9 206 110 78 147 120 14 249 133 129 174 68 11 122 
274 12713 5 194 170 77 187 59 
275 12730 15 172 191 136 76 70 150 228 10 149 201 163 3 52 100 136 
276 12758 14 180 115 150 74 86 126 174 21 211 215 14 76 67 52 
277 12785 11 222 106 39 239 96 31 188 110 219 86 118 
278 12838 3 177 108 223 
279 12865 22 106 166 162 133 227 212 213 88 8 1 64 89 12 98 67 71 223 59 85 165 6 82 
280 12920 22 224 144 118 73 118 198 188 157 74 197 146 165 86 88 213 210 16 208 228 188 88 210 
281 12991 6 214 194 234 214 54 153 
282 13054 20 147 205 99 240 60 157 222 29 16 51 98 45 168 51 116 153 91 118 1 118 
283 13153 2 103 19 
284 13165 5 117 241 95 221 113 
285 13256 21 215 168 91 226 105 36 49 205 87 70 95 156 45 60 140 183 199 242 242 192 77 
286 13269 9 3 248 192 113 194 76 200 20 130 
287 13359 22 110 244 196 51 62 96 89 248 244 14 138 95 96 85 73 213 147 189 101 117 84 196 
288 13360 21 247 196 67 105 12 65 183 128 48 219 191 48 47 44 117 79 149 147 29 3 80 
289 13435 10 205 245 10 46 211 158 233 175 247 77 
290 13474 7 184 145 136 159 242 224 236 
291 13530 20 167 247 193 160 20 48 223 210 67 78 16 140 230 41 198 82 196 156 124 173 
292 13537 25 44 112 245 106 120 209 207 160 42 250 236 32 79 63 102 169 100 161 183 246 31 168 96 146 145 
293 13560 4 96 153 23 91 
294 13651 7 138 22 135 221 237 134 140 
295 13668 14 5 144 212 30 227 208 153 139 9 95 231 106 126 202 
296 13760 17 189 142 203 17 99 163 152 98 141 30 180 5 177 52 166 214 105 
297 13830 1 9 
298 13835 5 198 18 25 123 153 
299 13880 21 102 250 50 177 168 210 64 237 126 73 118 129 231 140 168 43 18 26 33 105 153 
300 13957 12 153 26 179 208 92 208 81 50 140 233 137 28 
301 13985 21 103 44 145 57 28 160 200 249 219 30 222 209 117 202 240 169 116 22 3 39 114 
302 14062 8 107 4 187 140 248 84 151 30 
303 14133 22 11 16 59 81 12 5 89 11 86 237 8 129 24 147 234 103 196 187 188 149 112 7 
304 14223 19 30 13 45 231 51 166 79 79 222 76 19 192 14 94 41 122 91 200 97 
305 14305 2 129 10 
306 14377 8 208 241 21 24 207 227 156 140 
307 14471 22 60 4 160 54 116 141 48 87 144 112 165 64 98 182 186 136 41 231 140 20 4 218 
308 14553 12 44 161 157 132 13 20 69 218 127 73 165 163 
309 14567 3 12 140 65 
310 14590 21 31 229 185 106 66 71 25 107 151 68 139 150 128 211 43 61 184 85 123 57 192 
311 14641 15 57 118 170 96 65 107 190 72 150 126 13 205 174 57 123 
312 14711 8 205 94 170 246 14 249 12 21 
313 14751 11 76 48 197 143 181 60 43 15 36 50 108 
314 14814 11 52 231 210 174 85 63 152 211 145 95 108 
315 14815 2 194 106 
316 14883 24 8 117 230 145 131 4 205 115 158 245 170 149 117 63 165 185 92 1 74 139 48 190 159 86 
317 14966 16 113 163 165 246 31 194 22 12 140 23 10 212 62 50 101 80 
318 15003 12 13 29 200 54 69 118 18 133 225 198 102 115 
319 15016 25 103 167 30 15 87 238 131 226 14 139 8 107 193 108 100 216 236 54 13 208 83 117 166 194 112 
320 15082 8 157 96 211 56 39 194 8 65 
321 15114 6 193 48 69 34 218 101 
322 15117 23 202 70 111 95 125 42 62 196 213 37 124 96 108 214 197 55 237 195 116 146 249 131 129 
323 15135 5 118 5 88 71 43 
324 15190 17 143 18 163 71 128 77 202 62 136 200 49 203 159 1 36 179 222 
325 15220 12 225 17 15 142 83 132 11 46 217 240 33 133 
326 15284 23 119 246 108 148 36 98 223 63 49 68 101 23 147 238 45 114 43 230 103 138 89 204 145 
327 15350 16 162 201 88 122 243 191 246 123 228 85 106 155 27 43 87 128 
328 15384 7 203 128 241 246 12 75 234 
329 15438 3 184 156 122 
330 15527 7 13 244 28 1 3 143 104 
331 15539 10 142 173 165 159 226 239 113 101 145 237 
332 15611 11 198 199 115 232 214 32 147 198 4 46 209 
333 15680 3 223 232 144 
334 15738 23 187 204 54 106 45 241 31 180 56 211 106 216 188 70 175 110 15 12 30 230 106 158 67 
335 15819 11 83 75 190 50 182 227 137 5 47 85 144 
336 15887 22 55 8 124 47 206 14 60 235 5 96 44 109 81 223 167 170 195 198 43 57 242 160 
337 15896 25 15 249 205 21 137 94 110 56 200 240 166 106 107 38 88 168 53 196 64 33 30 94 199 246 95 
338 15951 13 41 14 182 126 236 238 96 242 69 101 66 53 64 
339 15958 17 109 92 145 212 106 1 57 61 121 20 211 193 105 7 240 244 201 
340 16020 25 127 194 106 57 49 200 203 75 205 132 70 89 247 45 185 91 67 103 66 27 47 86 14 200 174 
341 16051 19 248 144 19 55 20 129 23 118 148 181 43 103 60 152 90 66 230 89 196 
342 16073 16 94 192 197 96 161 16 221 226 6 89 37 5 91 80 146 210 
343 16147 20 72 13 199 132 178 28 138 240 207 88 7 163 41 94 123 141 178 149 76 61 
344 16165 14 143 238 26 5 89 176 123 149 203 187 128 9 208 192 
345 16231 11 158 86 171 139 70 179 45 188 20 54 63 
346 16260 10 250 83 113 106 97 164 243 61 246 250 
347 16328 1 157 
348 16333 5 36 77 242 40 11 
349 16364 21 217 249 106 172 17 180 226 33 101 97 48 245 193 220 119 67 142 61 75 180 108 
350 16391 4 199 42 126 38 
351 16402 14 28 95 16 246 235 203 195 96 1 4 168 183 87 13 
352 16433 20 93 237 197 89 77 113 131 161 89 61 67 102 106 208 53 2 75 122 85 169 
353 16498 25 206 147 2 247 65 184 218 64 25 242 97 111 158 101 20 189 225 222 60 160 187 86 3 99 125 
354 16509 21 90 121 34 235 10 179 62 166 44 235 98 237 56 238 110 160 218 77 11 177 14 
355 16572 24 102 99 232 142 31 103 174 173 182 57 116 197 133 157 122 171 44 247 16 45 39 187 39 199 
356 16663 22 13 210 80 142 176 199 141 210 219 59 37 241 208 63 160 126 139 101 89 11 33 11 
357 16753 15 120 182 188 71 175 62 122 168 78 161 69 96 211 151 190 
358 16844 18 145 70 202 229 213 46 134 100 226 80 36 68 91 108 134 87 4 167 
359 16940 19 227 78 197 15 165 241 173 31 77 243 6 170 67 44 249 196 94 141 159 
360 16994 11 217 235 195 91 104 56 45 61 143 76 67 
361 16999 16 63 140 42 40 157 209 215 133 212 161 25 78 63 47 130 36 
362 17030 9 29 63 65 21 111 148 164 21 225 
363 17114 14 212 140 93 11 129 238 115 139 225 63 207 130 187 63 
364 17171 22 175 205 154 29 59 43 119 76 218 244 16 93 115 190 242 225 186 115 180 12 54 21 
365 17233 22 86 22 98 161 44 26 101 148 21 101 153 85 162 9 212 216 112 250 215 12 1 9 
366 17301 19 133 117 191 89 7 178 201 30 25 232 7 222 105 118 111 178 147 96 8 
367 17305 10 249 196 44 41 81 88 67 35 215 187 
368 17312 23 77 71 242 243 84 44 95 200 239 116 242 102 61 243 13 195 136 230 121 12 191 236 37 
369 17312 3 246 185 75 
370 17333 7 140 98 206 126 235 94 241 
371 17345 20 63 42 214 130 127 186 186 233 215 121 113 146 186 88 217 32 218 99 100 59 
372 17387 8 63 245 16 114 158 95 249 133 
373 17409 9 241 79 86 76 78 126 12 83 247 
374 17500 1 106 
375 17544 15 176 248 4 180 61 109 121 63 169 175 171 121 38 115 25 
376 17631 5 181 123 31 53 16 
377 17665 12 248 172 96 228 27 172 233 63 84 69 187 124 
378 17740 11 179 227 127 75 104 214 172 83 30 171 137 
379 17769 21 228 23 149 115 115 52 202 220 130 84 17 140 218 28 205 198 160 77 58 169 49 
380 17862 1 49 
381 17934 15 32 14 199 217 18 122 174 132 208 48 42 17 94 144 2 
382 17941 23 162 3 65 31 233 151 195 98 248 48 215 184 213 248 158 29 91 29 177 146 128 148 90 
383 17957 21 58 119 61 26 240 213 21 209 242 117 90 228 188 115 171 168 48 83 156 47 177 
384 18016 4 213 80 40 8 
385 18092 21 157 117 199 122 21 17 93 161 50 54 11 103 61 214 81 26 186 211 56 195 47 
386 18137 13 187 80 196 142 15 249 214 5 239 90 179 174 85 
387 18206 1 207 
388 18291 12 114 161 91 173 240 126 148 111 223 113 226 100 
389 18305 6 62 213 246 68 109 145 
390 18343 13 69 217 55 208 31 247 56 27 38 145 170 148 248 
391 18401 11 249 225 75 207 188 161 226 78 128 188 36 
392 18408 22 209 7 150 178 34 151 242 81 206 199 100 173 121 159 193 228 206 234 107 236 96 117 
393 18497 11 114 6 129 97 209 211 13 212 232 12 200 
394 18566 10 38 236 143 106 243 231 220 103 218 145 
395 18657 8 75 184 174 93 8 33 137 18 
396 18679 5 100 205 203 176 238 
397 18710 24 235 220 130 56 42 53 68 112 30 220 42 61 23 236 92 46 45 71 200 87 177 148 147 80 
398 18802 10 197 10 239 128 239 40 16 25 15 208 
399 18886 1 35 
400 18893 24 236 170 194 33 16 126 245 107 180 125 228 58 240 44 160 213 97 144 162 76 16 169 223 150 
401 18950 18 239 181 84 201 66 218 24 189 176 216 130 155 187 237 245 247 72 244 
402 19032 7 234 74 153 191 246 74 164 
403 19092 17 159 53 203 183 99 106 154 191 136 62 225 117 57 153 153 20 94 
404 19094 24 78 247 200 60 221 89 46 208 109 118 212 56 160 177 184 172 178 198 48 232 204 224 94 108 
405 19185 22 237 184 97 20 234 139 9 131 69 196 245 182 6 3 173 87 87 104 81 3 37 87 
406 19225 22 154 168 160 232 68 104 161 22 159 99 170 5 29 177 106 184 142 95 45 106 203 37 
407 19316 20 115 159 6 14 138 17 74 179 206 192 16 238 144 170 155 185 20 87 139 132 
408 19351 4 200 211 203 177 
409 19412 22 51 46 217 179 229 197 207 37 242 223 100 185 131 146 181 232 222 237 137 116 52 160 
410 19455 16 98 18 154 65 37 221 103 34 190 136 188 114 186 17 87 210 
411 19534 8 174 126 165 191 161 68 181 172 
412 19585 4 76 152 23 104 
413 19665 20 98 61 114 3 195 14 235 134 112 152 106 201 200 119 106 89 87 98 205 62 
414 19699 25 125 245 185 197 237 201 63 90 212 185 233 9 207 179 231 63 12 92 96 172 197 211 55 196 217 
415 19742 12 159 205 27 113 176 134 236 198 210 78 18 57 
416 19785 22 216 6 37 235 206 56 83 123 215 15 156 48 24 41 237 107 239 8 205 228 216 8 
417 19857 21 78 114 202 216 169 209 168 78 6 204 214 140 114 149 195 78 161 44 45 72 13 
418 19873 4 142 42 52 52 
419 19904 2 30 100 
420 19932 8 62 249 125 242 200 200 63 169 
421 19991 4 78 220 173 79 
422 20053 16 180 11 57 12 76 33 182 96 202 86 99 81 62 48 223 69 
423 20085 11 142 162 88 32 214 225 61 29 193 214 228 
424 20135 1 215 
425 20214 7 118 39 12 64 63 65 241 
426 20218 6 105 153 51 62 78 178 
427 20285 2 213 65 
428 20327 15 165 212 146 57 76 243 217 187 136 244 134 247 91 70 213 
429 20372 19 144 153 154 244 217 176 6 170 170 123 18 180 64 172 76 169 218 172 51 
430 20426 21 70 45 9 49 202 10 42 230 193 53 231 12 205 87 5 105 105 8 22 146 82 
431 20470 3 112 190 112 
432 20510 16 229 202 191 45 127 142 221 212 42 101 70 138 131 233 182 174 
433 20575 19 142 121 110 214 249 15 85 248 16 173 233 235 101 132 223 108 29 82 6 
434 20634 6 132 107 56 157 77 54 
435 20640 13 31 89 169 39 164 185 29 152 200 21 209 136 130 
436 20719 21 116 73 52 194 133 205 237 94 19 240 170 235 144 10 64 143 175 16 222 203 114 
437 20724 22 48 239 159 9 120 171 51 11 94 99 182 148 30 93 199 214 193 85 57 231 162 138 
438 20797 22 49 118 79 45 194 105 202 100 167 206 189 199 247 52 134 31 232 10 70 155 46 68 
439 20800 20 238 57 100 72 148 123 50 118 227 153 241 233 198 93 123 24 164 223 65 218 
440 20882 18 232 131 225 157 130 31 210 40 125 82 50 11 190 202 135 101 160 70 
441 20968 11 56 209 169 213 227 78 82 131 116 246 84 
442 21005 14 27 89 108 59 214 172 45 237 177 159 34 162 146 172 
443 21086 6 246 250 226 93 158 150 
444 21123 12 121 244 188 221 186 145 196 119 104 47 102 104 
445 21194 2 210 63 
446 21257 21 113 190 228 150 31 125 204 63 7 224 68 241 28 115 159 106 148 81 193 85 35 
447 21322 15 87 81 243 219 101 214 32 67 53 246 197 213 55 150 241 
448 21363 21 83 141 97 206 83 150 41 157 200 107 217 222 109 211 92 134 179 79 218 43 94 
449 21447 21 29 47 156 168 247 81 193 12 184 197 18 223 150 26 122 34 93 205 49 171 194 
450 21527 23 153 107 215 176 94 249 158 119 75 218 122 94 155 163 221 4 162 83 31 112 190 219 99 
451 21602 16 122 227 210 16 2 216 180 123 172 234 184 71 24 70 61 204 
452 21648 16 52 249 118 237 116 80 43 205 201 216 5 120 141 31 142 58 
453 21655 19 238 134 19 53 163 198 42 115 126 28 26 48 135 228 125 41 248 187 141 
454 21730 1 28 
455 21792 18 124 226 248 198 27 121 244 156 105 113 42 72 198 243 199 226 133 92 
456 21817 4 131 178 190 99 
457 21868 8 86 70 116 31 191 129 84 91 
458 21879 15 127 82 122 141 181 249 92 242 81 29 161 169 182 122 164 
459 21943 21 242 159 22 138 242 149 194 108 148 81 26 239 248 200 86 71 63 230 93 85 14 
460 21974 18 149 68 216 204 74 54 219 103 188 2 15 193 224 4 175 13 226 55 
461 22055 17 13 49 77 19 127 88 60 9 81 149 241 55 142 148 203 69 181 
462 22080 12 156 105 211 219 168 102 213 161 38 99 80 125 
463 22170 4 136 213 47 108 
464 22175 22 149 43 1 117 205 98 189 228 51 220 164 44 123 190 111 108 107 174 3 56 126 100 
465 22250 1 118 
466 22282 24 143 12 17 202 187 214 169 240 77 214 209 89 236 185 17 70 168 117 186 82 211 129 238 27 
467 22288 6 63 131 218 127 181 247 
468 22341 24 122 118 154 11 35 72 19 43 197 180 132 1 26 46 121 165 61 243 165 119 112 98 17 173 
469 22402 25 71 67 21 162 235 143 127 198 122 20 22 43 44 35 10 4 197 60 7 138 241 177 45 134 139 
470 22407 9 12 1 47 133 9 202 228 29 231 
471 22479 8 234 14 40 20 160 40 154 143 
472 22514 14 172 153 98 193 35 189 39 20 34 36 41 173 230 84 
473 22533 12 31 185 5 224 111 105 99 5 99 39 86 234 
474 22566 14 175 217 138 84 29 114 194 83 245 65 123 51 69 75 
475 22605 25 110 56 31 240 91 212 204 91 143 81 66 114 243 137 139 17 35 125 208 189 140 177 25 177 16 
476 22683 10 137 154 249 36 176 234 144 189 208 75 
477 22739 12 206 244 94 236 52 187 83 107 143 199 110 12 
478 22837 6 198 73 165 4 171 202 
479 22849 23 63 90 223 128 175 46 206 50 125 178 183 221 135 175 133 134 228 46 75 247 151 1 243 
480 22905 1 213 
481 22991 14 94 106 247 9 175 72 130 243 26 193 42 240 54 130 
482 23045 6 163 249 190 55 14 241 
483 23094 14 220 141 112 208 155 22 151 116 150 15 131 76 134 179 
484 23122 12 227 239 73 226 41 45 116 202 144 125 14 103 
485 23131 22 59 111 227 163 245 190 79 33 173 138 18 86 93 30 223 180 228 226 15 75 154 163 
486 23179 5 243 27 218 5 199 
487 23230 8 112 33 196 235 173 30 59 168 
488 23283 13 66 47 47 88 123 116 71 217 52 116 163 135 69 
489 23364 14 41 188 192 108 81 71 63 222 133 181 64 221 47 9 
490 23392 6 105 180 40 162 50 238 
491 23450 21 168 105 162 250 165 50 166 228 180 153 134 221 12 220 80 29 55 7 190 178 211 
492 23479 14 233 87 167 25 224 233 135 203 16 161 142 202 79 105 
493 23539 25 190 192 131 14 167 55 23 137 180 73 127 42 2 131 186 116 153 172 244 183 65 97 94 36 111 
494 23569 21 64 233 79 63 220 8 24 94 222 33 90 74 142 220 105 163 239 130 197 68 200 
495 23585 14 101 166 30 137 95 186 144 201 123 174 59 11 74 34 
496 23652 19 185 159 210 225 131 61 114 238 20 121 34 62 94 199 28 28 121 50 72 
497 23675 13 171 162 98 51 237 190 16 193 173 237 216 26 126 
498 23731 24 8 161 11 169 42 183 43 127 189 166 104 197 198 132 140 199 119 28 168 42 27 90 59 47 
499 23804 12 169 123 33 113 64 63 147 68 193 191 49 144 
500 23850 24 171 187 201 229 184 130 183 226 26 168 9 68 205 62 135 247 49 152 37 102 12 102 192 35 
501 23881 9 111 48 105 159 122 44 203 156 56 
502 23945 7 236 22 205 206 39 220 58 
503 23949 6 187 26 128 81 12 1 
504 23993 9 102 143 207 220 150 60 250 108 232 
505 24040 14 54 43 160 189 62 209 163 83 161 20 74 105 57 1 
506 24128 2 188 184 
507 24213 1 43 
508 24253 21 7 41 115 212 231 238 187 88 24 168 183 247 59 159 99 107 206 144 47 6 108 
509 24280 23 143 222 217 62 159 207 148 170 168 98 17 173 121 60 89 2 51 152 158 239 110 25 50 
510 24327 11 216 135 36 161 110 102 35 100 149 177 54 
511 24370 22 242 104 163 148 98 215 15 186 89 174 51 202 170 50 41 86 197 127 190 117 154 246 
512 24412 2 98 51 
513 24436 21 169 235 193 102 32 140 195 207 56 12 1 53 101 249 65 100 223 161 1 199 250 
514 24513 11 233 243 230 32 180 196 153 96 10 131 135 
515 24582 18 111 46 231 163 218 22 122 80 213 116 54 131 177 51 43 68 47 10 
516 24667 19 31 65 241 69 24 101 86 213 23 131 121 235 61 107 196 35 17 68 246 
517 24713 19 139 24 139 142 47 120 101 133 146 58 40 203 158 197 155 220 154 116 137 
518 24740 20 238 201 138 104 32 166 190 212 138 142 66 236 158 92 122 213 64 204 7 216 
519 24821 7 49 118 124 128 111 140 188 
520 24918 16 183 61 208 69 194 227 6 50 128 231 164 172 128 242 72 140 
521 24999 4 237 71 99 162 
522 25010 17 224 108 243 209 170 14 4 97 117 91 106 2 245 213 100 190 145 
523 25092 20 165 68 3 249 57 218 102 57 237 189 229 220 188 152 132 162 200 140 141 58 
524 25158 7 11 239 23 229 241 102 65 
525 25165 17 8 72 94 220 156 57 205 27 247 69 199 180 156 102 1 60 38 